1 -113.068 26.3646 -0.0773614
2 -101.817 25.9856 -0.0702698
3 -86.9933 22.0603 -0.0620451
4 -70.3308 14.0975 -0.0507803
5 -69.4589 14.83 -0.0522465
6 -69.6 7.36672 -0.0522055
7 -81.7952 8.68514 -0.0570112
8 -115.175 13.824 -0.0759852
9 -115.413 23.3391 -0.077955
10 -98.3583 23.7553 -0.0686403
11 -69.2731 0.753234 -0.0352347
12 -63.3821 -2.27399 -0.031878
13 -75.2404 -3.06149 -0.0396022
14 -67.8165 1.46798 -0.0368001
15 -58.5927 1.59889 -0.0323635
16 -46.5722 10.0198 -0.0277707
17 -48.2066 15.2114 -0.0304319
18 -48.2003 17.794 -0.0297225
19 -54.5934 26.6273 -0.0359212
20 -53.3535 21.7544 -0.0353056
21 -46.5853 24.7291 -0.0340789
22 -45.7054 19.4652 -0.0357294
23 -31.1053 15.0463 -0.0265496
24 -35.2586 10.8361 -0.0308683
25 -33.6582 3.8342 -0.0299794
26 -37.7876 2.43179 -0.0340316
27 -33.3265 -6.56509 -0.0299551
28 -12.987 -15.2103 -0.0111928
29 -1.96737 -24.5756 -0.00305133
30 -6.1827 -20.0254 -0.00525421
31 -33.4698 -12.3284 -0.0204132
32 -42.489 -0.643954 -0.0267229
33 -30.348 4.56038 -0.0228608
34 -8.49123 -7.44735 -0.00904143
35 15.8008 -11.9184 0.00281129
36 14.4796 -29.1179 0.00332942
37 -7.33447 -28.5127 -0.00805678
38 -27.0968 -23.1413 -0.0234953
39 -10.4206 -21.6735 -0.0129065
40 -3.76038 -14.6701 -0.0104192
41 11.4477 -16.6805 -0.000389267
42 2.70951 -7.8284 -0.00405642
43 -14.1963 -1.67253 -0.0156709
44 -11.4259 8.54535 -0.0143141
45 -15.1114 18.2059 -0.0178986
46 4.0273 17.9979 -0.00372592
47 9.64365 16.8505 0.00342973
48 8.66111 16.9714 0.0022466
49 12.571 23.7988 0.0028784
50 11.2869 20.8671 0.00136296
51 15.7894 24.5814 0.00410415
52 7.06819 20.0738 -0.00265546
53 2.83818 23.0898 -0.0058936
54 -7.87675 28.5956 -0.0133994
55 -6.70254 26.9375 -0.0125344
56 -12.41 35.0673 -0.0191146
57 -17.8816 28.3464 -0.0230452
58 -26.5143 31.9149 -0.0290501
59 -40.7685 28.9176 -0.0388049
60 -28.6536 23.2134 -0.0307822
61 -22.5926 17.0429 -0.0270922
62 -10.8692 6.7756 -0.0186122
63 -12.4254 6.05196 -0.019944
64 -23.6803 3.18995 -0.02751
65 -34.3924 15.3796 -0.0352555
66 -51.7145 20.3021 -0.0404286
67 -41.8862 27.4076 -0.0377108
68 -31.4636 22.6622 -0.0301655
69 -16.3203 12.8473 -0.0171814
70 -11.2728 14.9484 -0.0148458
71 -1.07731 4.99787 -0.00701366
72 -4.88375 13.5565 -0.00901022
73 -28.1713 21.8119 -0.0246822
74 -32.684 32.0681 -0.0285836
75 -33.3359 35.5529 -0.0301137
76 -15.1314 21.9314 -0.0127316
77 -24.8333 31.1434 -0.0210473
78 -24.6923 24.3417 -0.0198114
79 -17.1629 27.6031 -0.0158946
80 -9.31518 17.323 -0.00822803
81 3.97557 16.4483 -0.00296342
82 2.63483 14.7358 -0.00348736
83 -3.71045 18.5065 -0.00848131
84 -16.1329 32.4479 -0.019948
85 -5.61634 26.3869 -0.0131029
86 12.8246 27.0506 -0.00187477
87 33.7478 0.686767 0.0353904
88 43.7804 8.08497 0.0337028
89 17.6589 20.9841 0.0117489
90 3.01492 35.5677 -0.000779094
91 -1.96479 47.057 -0.00707419
92 10.433 41.0633 0.00407344
93 11.213 50.9509 0.00141997
94 22.9734 40.7783 0.012056
95 39.1547 36.6118 0.0241101
96 37.8686 29.7375 0.0247481
97 35.3977 34.28 0.0222949
98 15.8446 45.9489 0.00439625
99 17.6224 44.2786 0.00631492
100 12.6715 50.1698 0.000876921
101 10.1202 45.6679 0.000571592
102 6.71016 49.5862 -0.00455818
103 6.53826 40.7461 -0.00360187
104 15.8982 31.3124 0.00487968
105 4.58988 32.0866 -0.00391204
106 11.5413 23.2233 0.00213517
107 9.97121 25.9036 -0.00131024
108 9.37848 10.7263 -0.00525921
109 0.0135548 13.1052 -0.0122756
110 -14.0453 4.02422 -0.0208339
111 -10.0551 -0.935478 -0.0185526
112 -8.2097 -10.8623 -0.0143826
113 17.1952 -30.8946 0.0128593
114 19.8691 -33.7323 0.0139669
115 35.0856 -57.7288 0.036062
116 48.5112 -57.0141 0.0421223
117 54.7282 -68.3665 0.0492818
118 71.4336 -71.8374 0.0593309
119 72.8653 -82.1669 0.0625515
120 78.8578 -87.0488 0.0670014
121 72.6024 -90.4963 0.0645307
122 75.6364 -94.7896 0.0670673
123 77.9718 -92.5544 0.066607
124 81.9393 -104.091 0.0726236
125 76.4785 -92.9139 0.0659065
126 82.0711 -92.5385 0.0693168
127 88.4556 -83.0467 0.0705081
128 86.0195 -70.4997 0.0647306
129 115.741 -83.5696 0.0943248
130 108.501 -72.883 0.0871061
131 98.1752 -75.7421 0.0832802
132 81.1115 -62.42 0.0706709
133 59.158 -57.0736 0.056386
134 70.8239 -46.0908 0.0598324
135 72.2297 -40.7803 0.058651
136 71.4169 -42.2717 0.0591427
137 48.0984 -32.7112 0.0434605
138 23.5825 -33.7817 0.0305454
139 3.5034 -9.903 0.0132689
140 -19.8373 2.12012 -0.00519722
141 -16.1686 7.25482 -0.00557555
142 -24.8968 5.48686 -0.011254
143 -21.5783 -6.05731 -0.00811423
144 -32.7783 -10.3487 -0.0137831
145 -44.0264 -13.0966 -0.0204042
146 -33.9231 -4.96634 -0.0170396
147 -34.8421 -11.4042 -0.0160522
148 -50.367 -9.6492 -0.0250434
149 -86.0216 6.59532 -0.0590754
150 -89.0095 10.5129 -0.0613852
151 -79.2342 14.926 -0.055545
152 -68.1922 4.50207 -0.0465943
153 -56.4177 2.28091 -0.0410774
154 -53.2721 -13.8 -0.0353223
155 -71.6159 -15.3773 -0.0438962
156 -92.1853 -8.41454 -0.05779
157 -83.0773 -4.89253 -0.051092
158 -80.2734 7.43358 -0.0514931
159 -69.7518 5.29826 -0.0445901
160 -67.0162 14.6295 -0.0437396
161 -75.8978 16.8194 -0.0490092
162 -66.6223 24.2896 -0.0427339
163 -60.8449 25.1147 -0.0386336
164 -40.5742 22.7017 -0.0253486
165 -46.6169 29.52 -0.0308171
166 -61.3672 28.056 -0.0390693
167 -64.9897 33.7157 -0.0440785
168 -70.529 30.5847 -0.0475352
169 -53.7298 31.7645 -0.0365379
170 -49.4283 31.8286 -0.0362727
171 -44.3122 32.8854 -0.0343748
172 -43.8464 37.6191 -0.0356639
173 -33.1186 30.2528 -0.0263937
174 -28.3665 31.4383 -0.0230461
175 -51.8563 28.5079 -0.0377506
176 -50.7272 32.9522 -0.0403801
177 -38.5899 23.6241 -0.0314458
178 -14.5127 15.6945 -0.0107338
179 6.41331 17.962 0.00231362
180 21.2956 13.2157 0.0143941
181 17.0175 20.5495 0.00857292
182 10.802 22.3709 0.00391812
183 25.4651 29.6549 0.0132795
184 22.8952 29.8916 0.0110473
185 25.6509 32.7638 0.0123241
186 10.8208 37.4806 0.0006434
187 2.34008 36.6969 -0.00462181
188 10.9932 38.1168 0.00162511
189 19.2441 30.512 0.0111522
190 28.6628 35.3855 0.0174956
191 21.9037 35.9038 0.0126338
192 21.9713 42.8524 0.0111891
193 7.08483 49.044 -0.000532022
194 -7.67919 48.8356 -0.00976075
195 -19.0681 55.2169 -0.0195862
196 -11.0144 47.9825 -0.0111578
197 8.999 46.4851 0.00902643
198 13.8772 41.1469 0.0140071
199 16.2562 41.7455 0.0161075
200 4.2164 38.9223 0.00807559
201 5.75005 31.5893 0.0117635
202 1.44279 29.3603 0.0093666
203 -2.62137 11.9476 0.0136727
204 6.0834 7.57949 0.0179752
205 7.31582 0.949529 -0.0170233
206 9.43261 -10.7992 -0.0086395
207 -6.25626 -20.8822 -0.0182948
208 2.3189 -24.8 -0.0149985
209 21.1003 -21.4639 -0.00616153
210 61.9501 -50.1987 0.052548
211 74.7949 -56.4525 0.0617869
212 55.1688 -70.8871 0.0440901
213 55.6128 -69.2807 0.0440055
214 48.6641 -63.0446 0.0387467
215 57.9825 -56.5262 0.0428588
216 44.522 -48.7125 0.0347796
217 25.7782 -44.8088 0.0242282
218 21.1164 -31.7113 0.0166926
219 36.0816 -38.3016 0.0280203
220 67.3754 -36.922 0.0441687
221 78.5158 -46.7809 0.0551533
222 87.2334 -48.3179 0.0600925
223 88.3284 -49.5978 0.0606617
224 96.1447 -54.7507 0.0695096
225 95.9034 -46.6366 0.0661909
226 112.749 -52.1416 0.0781896
227 119.224 -45.926 0.0795439
228 103.62 -48.7608 0.0742569
229 90.1568 -38.3006 0.0633409
230 79.5655 -27.8908 0.0540733
231 78.7936 -28.1075 0.0553254
232 67.9425 -21.4225 0.0478977
233 71.2703 -28.3829 0.0520653
234 72.7402 -23.3251 0.0515473
235 57.4971 -23.6957 0.0428423
236 49.1715 -14.5431 0.034611
237 16.9954 -7.05727 0.00918039
238 15.4227 -4.66158 0.00734183
239 6.12151 6.20716 -0.000741088
240 13.5361 9.2686 0.00163854
241 25.9025 19.3754 0.0107174
242 20.2748 20.7684 0.00976727
243 9.23755 26.2389 0.00226842
244 -37.3789 31.5322 -0.0315627
245 -50.3151 38.0025 -0.0422451
246 -55.3355 42.3493 -0.0472058
247 -48.4954 37.4944 -0.0411324
248 -61.2191 43.2418 -0.0487858
249 -64.5877 35.1695 -0.0472996
250 -64.7083 38.1483 -0.0485293
251 -70.9384 37.8415 -0.0519365
252 -65.6744 40.8984 -0.0484659
253 -82.4857 52.1696 -0.0632568
254 -65.7561 44.2449 -0.0524272
255 -52.0245 45.5101 -0.0410944
256 -37.5812 30.3216 -0.0276605
257 -31.0149 28.4096 -0.0243049
258 -38.255 22.9073 -0.0270674
259 -27.2775 18.8154 -0.0210463
260 -28.6679 22.4126 -0.024246
261 -28.24 16.2358 -0.0219056
262 -40.3007 23.0398 -0.028694
263 -53.7181 23.8708 -0.0360445
264 -46.4888 24.2774 -0.0317725
265 -39.2452 16.9592 -0.0258968
266 -26.068 15.2735 -0.0189838
267 -18.3228 7.25776 -0.0133036
268 -8.8079 -1.80236 -0.0100384
269 -17.5582 -2.10695 -0.0150249
270 -17.0938 -8.39589 -0.0140429
271 -14.0965 -0.297725 -0.0143495
272 -11.5021 -1.91116 -0.0110532
273 4.15062 0.431737 -0.00160037
274 -2.70295 1.60049 -0.00600255
275 1.92067 1.28107 -0.00298951
276 3.86141 4.36043 -0.00246526
277 7.89538 3.07095 0.000588685
278 3.88038 9.17734 -0.00309233
279 -6.68552 12.1264 -0.00919542
280 -1.63208 17.6441 -0.00942878
281 13.4333 10.7966 0.00239338
282 23.5196 9.41071 0.00910129
283 15.34 7.82844 0.00431521
284 5.58997 8.21633 -0.000823894
285 -3.52528 19.2727 -0.0112036
286 19.6512 13.5039 0.00582208
287 27.9767 18.4243 0.00952842
288 19.7693 15.3597 0.00577309
289 17.1259 20.1881 0.00296884
290 11.0342 25.3214 -0.00321725
291 30.8044 22.0508 0.0105383
292 37.4229 27.8495 0.0114589
293 39.4679 24.4898 0.0130883
294 37.7341 27.3252 0.0109955
295 27.4185 28.1339 0.00510801
296 32.3166 34.1872 0.0057982
297 34.5557 33.9166 0.00613267
298 45.839 35.3111 0.0101921
299 50.5788 34.6239 0.012817
300 52.5016 32.3771 0.0146778
301 41.7075 40.9133 0.00476139
302 40.4939 44.6019 0.00209978
303 52.6051 45.5003 0.00855743
304 69.1579 41.6672 0.0179925
305 74.5941 40.1583 0.0211238
306 65.4808 42.3288 0.0152493
307 63.7743 44.1696 0.0147184
308 62.7552 48.6703 0.011272
309 68.634 46.1133 0.0161077
310 72.7131 48.2428 0.0164584
311 71.6508 40.5933 0.0188155
312 63.3321 48.9094 0.00410444
313 54.8014 45.4734 -0.000493149
314 49.5863 43.3126 -0.00323221
315 42.9308 41.3614 -0.00644499
316 39.3437 35.8978 -0.00503107
317 28.0085 35.7479 -0.0101777
318 23.1546 29.7999 -0.00931301
319 21.1235 28.9471 -0.00981395
320 14.8251 23.2053 -0.0107616
321 14.2982 18.6472 -0.00738871
322 7.53894 15.7915 -0.0118358
323 9.59546 11.1045 -0.00879792
324 7.877 7.82166 -0.00817292
325 2.81784 2.95042 -0.00982159
326 1.42811 3.50623 -0.0100939
327 -0.967768 -0.881404 -0.00974521
328 -4.90075 1.67237 -0.0115585
329 -8.56549 0.0662322 -0.0146036
330 -6.84823 -1.26566 -0.0128623
331 -7.60035 -5.75943 -0.012635
332 -8.96785 -7.08977 -0.0118697
333 -10.7131 -8.2727 -0.0129231
334 -10.4848 -8.71301 -0.0120977
335 -10.2879 -11.4829 -0.00998445
336 -10.6594 -11.5437 -0.00880779
337 -12.1913 -11.7718 -0.00889217
338 -13.5081 -10.7978 -0.00956346
339 -12.4932 -12.1584 -0.00796326
340 -12.986 -10.9326 -0.00920988
341 -10.3251 -11.2577 -0.0067579
342 -9.57457 -10.3377 -0.00822829
343 -7.36906 -11.2609 -0.0054512
344 -7.88439 -11.9213 -0.00532652
345 -10.0391 -10.7798 -0.00629715
346 -10.043 -12.1744 -0.0036921
347 -14.1928 -8.98702 -0.00847504
348 -13.2311 -8.16047 -0.00671833
349 -13.0113 -8.85123 -0.00626881
350 -13.4275 -7.92313 -0.00541134
351 -13.8811 -8.2707 -0.00474474
352 -14.8395 -7.93423 -0.00488472
353 -14.0507 -6.63163 -0.00412789
354 -14.7521 -8.54535 -0.00428678
355 -13.9567 -9.7436 -0.00262848
356 -13.9306 -8.76988 -0.00207607
357 -13.456 -10.6469 -0.00064526
358 -12.8382 -9.06278 -0.00164043
359 -10.6185 -10.7976 0.00196707
360 -9.55922 -12.4532 0.0038139
361 -12.0945 -11.7475 0.00253325
362 -9.84926 -12.8021 0.00575579
363 -11.3201 -13.67 0.00460962
364 -9.76829 -14.8561 0.00766832
365 -8.64154 -14.444 0.00896411
366 -10.2351 -15.8886 0.00834346
367 -9.70366 -16.1128 0.00944578
368 -9.22432 -16.5876 0.0105416
369 -8.01643 -17.8036 0.0119169
370 -7.52956 -18.8434 0.0129833
371 -8.95901 -18.8857 0.0137443
372 -10.6379 -18.3961 0.0114933
373 -10.8321 -20.4667 0.0121117
374 -11.5474 -21.755 0.012063
375 -11.6682 -21.9933 0.0126917
376 -13.8646 -25.2527 0.0137911
377 -19.8259 -25.2932 0.0100003
378 -23.1421 -26.6427 0.00996799
379 -25.3828 -25.5371 0.00721554
380 -26.3415 -28.1963 0.00775451
381 -28.2802 -29.6031 0.00743899
382 -30.6208 -29.8399 0.00625102
383 -31.7782 -31.1804 0.00779339
384 -34.7947 -31.5189 0.00509108
385 -33.1014 -29.0037 0.00483069
386 -32.0577 -25.6907 0.00244333
387 -29.7715 -22.8426 0.00167443
388 -28.563 -20.6314 0.000255358
389 -27.5413 -17.7376 -0.000896727
390 -27.4467 -16.1883 -0.00148025
391 -25.838 -13.2535 -0.00288346
392 -24.0869 -11.782 -0.00281751
393 -23.7406 -9.07356 -0.00470965
394 -21.8672 -7.66201 -0.00432553
395 -22.2731 -5.83259 -0.00584631
396 -20.8891 -4.19727 -0.00604168
397 -21.0466 -2.88885 -0.00701977
398 -20.0387 -0.887954 -0.0079704
399 -19.1483 -0.461144 -0.00666272
400 -19.9335 0.874088 -0.00816113
401 -19.3789 2.02164 -0.00776485
402 -20.2396 3.85839 -0.0095025
403 -18.8747 5.54149 -0.00981544
404 -19.7765 5.7861 -0.0103043
405 -20.1012 6.56028 -0.0106723
406 -20.6187 6.16433 -0.00988538
407 -20.3195 6.18809 -0.00934199
408 -18.9218 6.9806 -0.00926929
409 -17.5596 6.15861 -0.0090783
410 -13.0003 5.08669 -0.00739729
411 -10.2588 5.13655 -0.00817389
412 -5.87439 3.46525 -0.00629505
413 0.186344 0.965418 -0.00292224
414 5.64983 -1.12507 -0.00184904
415 11.8981 -4.04344 0.00163464
416 18.1276 -6.94302 0.00508481
417 17.7364 -6.74217 0.00505905
418 17.6721 -6.96644 0.00541321
419 17.4816 -6.5507 0.00544484
420 16.9553 -6.45038 0.00537927
421 16.4623 -6.25702 0.00528525
422 16.0017 -6.08431 0.00523393
423 15.3826 -5.74622 0.00495963
424 14.9779 -5.30799 0.00481991
425 14.5133 -4.56124 0.00447629
426 14.044 -4.13544 0.00430269
427 13.4982 -3.80632 0.00412974
428 13.5065 -3.43273 0.00438911
429 12.4321 -7.38191 0.00603678
430 11.8645 -6.92761 0.00582086
431 11.0556 -6.72473 0.00559543
432 10.5723 -6.92279 0.00583837
433 9.68372 -6.43296 0.00538261
434 9.07016 -5.84594 0.00513121
435 8.2894 -5.33897 0.00480746
436 7.27639 -5.26761 0.00456135
437 6.35063 -4.81388 0.00421841
438 5.9203 -4.27924 0.00424257
439 4.52518 -7.35664 0.00531026
440 3.62046 -6.9623 0.00494527
441 2.71368 -6.5689 0.00450477
442 1.78549 -6.43307 0.00411627
443 1.05676 -5.80981 0.00355667
444 0.911177 -5.48364 0.00348934
