1 -14.0149 0.661996 -0.00894472
2 -18.2701 4.58445 -0.0105202
3 -20.7959 8.7416 -0.0139059
4 -4.90836 0.512964 -0.00117052
5 -3.24977 8.64528 -0.00235064
6 9.31854 -0.316309 0.00288988
7 30.0135 -4.19577 0.0167323
8 -3.32055 -8.76335 -0.000365857
9 -20.9947 0.371841 -0.011913
10 -32.7837 23.5555 -0.0359075
11 -9.17543 3.42394 -0.00558299
12 8.5028 0.945836 0.00545262
13 -10.7035 -4.57405 -0.00501009
14 -12.9331 -0.14439 -0.0069763
15 -15.8393 -8.3792 -0.00729267
16 -2.15001 -5.12383 -1.35504e-05
17 -3.86624 -2.62208 -0.00340431
18 2.56336 -8.7741 0.00352614
19 -5.1553 4.89509 -0.00335307
20 -10.5038 -2.82746 -0.00383923
21 -4.52495 5.38039 -0.000906856
22 -18.0433 4.46165 -0.0116095
23 0.674296 4.3155 0.00184983
24 -4.99695 6.99752 -0.00327303
25 0.803765 1.55642 0.00170096
26 -7.65222 9.116 -0.00634999
27 -23.3002 8.83934 -0.0208931
28 -14.2094 9.67625 -0.0104381
29 0.897001 -4.11527 -0.00018772
30 23.751 -7.07529 0.0125991
31 2.08275 -10.4198 0.00139207
32 -18.7266 -3.93044 -0.00859455
33 -28.0525 12.9781 -0.018306
34 -30.2499 5.38752 -0.0163442
35 -4.87195 17.8914 -0.00512331
36 15.1645 0.206657 0.00649725
37 12.2457 -4.29285 0.00995383
38 -24.3451 -0.238915 -0.0162139
39 -14.2703 -5.57672 -0.00814945
40 -22.3388 2.95756 -0.0151764
41 2.01246 -8.04404 -0.00124207
42 9.99162 -5.47526 0.0065711
43 -9.62374 -9.45714 -0.00640431
44 -3.37348 -8.61151 -0.00174012
45 -25.8956 1.31062 -0.0193448
46 -12.4539 2.51305 -0.0124493
47 -6.0226 1.30675 -0.00421751
48 -11.1935 -5.01397 -0.00631495
49 -6.23856 4.7571 -0.00429787
50 -11.9445 -1.73196 -0.00859032
51 1.34309 6.42485 0.000899262
52 -2.76845 -1.3072 -0.00235913
53 3.41146 -3.67499 0.00165018
54 -8.82093 3.46208 -0.00696926
55 -2.42206 -5.82079 -0.000283362
56 -2.82434 8.86139 -0.0029231
57 1.01585 -1.68125 -0.000270762
58 6.98599 4.59004 0.00373491
59 -19.4378 7.27904 -0.0140553
60 -14.0935 8.05945 -0.0102272
61 -19.9193 12.2681 -0.0151124
62 -6.64098 3.05516 -0.00544864
63 3.13465 5.15179 0.000772169
64 2.98705 -9.77398 0.00109305
65 9.60113 -2.7745 -0.00146748
66 -17.5966 -5.04976 -0.0092881
67 -18.5318 6.99556 -0.0144199
68 -22.8769 12.0703 -0.0196102
69 -12.6007 0.41093 -0.00892258
70 -17.415 12.4416 -0.014181
71 -3.53887 -5.70016 -0.00444583
72 15.53 -5.06146 0.00888546
73 -2.99446 -6.82823 -0.00273215
74 -6.99326 0.314188 -0.00525966
75 -25.4728 17.4413 -0.0238811
76 2.58164 -5.10765 0.00200918
77 -7.06478 10.9191 -0.00742709
78 -14.092 1.15487 -0.00992953
79 -14.4187 14.7666 -0.0137072
80 -19.7406 5.62013 -0.0112929
81 -5.5887 6.74941 -0.00602398
82 -0.62177 1.40509 -0.00159101
83 5.11324 -8.24666 0.00443783
84 -17.9307 11.7524 -0.013909
85 -25.9346 5.36489 -0.0184401
86 -28.6475 32.3552 -0.0446188
87 -17.804 -1.15863 -0.00574233
88 18.1259 -6.60292 0.0143588
89 7.05582 -8.29475 0.00517066
90 -2.43883 -5.21001 -0.000965865
91 -19.5385 12.0921 -0.0181834
92 -7.87727 -3.59785 -0.00441466
93 -18.8082 16.2416 -0.0176208
94 -23.3592 10.4316 -0.0191267
95 -6.14285 13.0668 -0.0077186
96 -4.62478 1.56619 -0.00439785
97 12.2804 -5.42659 0.0107835
98 -8.54778 7.57232 -0.00860765
99 -1.43587 0.0785524 -0.00105583
100 -3.26412 10.0756 -0.00576416
101 -1.98546 1.68378 -0.000649241
102 -5.66184 14.3615 -0.00694881
103 -15.1579 14.995 -0.01442
104 5.65178 4.81574 0.00292544
105 -11.7929 14.0198 -0.0112699
106 -2.90104 2.58074 -0.00160674
107 -3.42601 19.8706 -0.000707785
108 5.96218 2.09696 0.00281334
109 10.8356 13.2256 0.00457562
110 -6.74606 9.03438 -0.00599721
111 -4.55793 14.0665 -0.00784321
112 -27.9109 24.2046 -0.030796
113 -5.06297 7.16703 -0.00461876
114 -17.461 27.9785 -0.0254269
115 -15.2194 3.26171 -0.00910296
116 -7.27847 14.7447 -0.00932183
117 -16.8875 6.5889 -0.0115608
118 -1.85737 13.4609 -0.00492915
119 -6.69046 8.04463 -0.00633785
120 5.41577 6.83065 0.000450507
121 -3.74682 7.47893 -0.00435013
122 -2.97208 1.2327 -0.0013757
123 -3.99546 14.7252 -0.00742282
124 6.15508 -8.31205 0.00585424
125 -4.94696 2.18075 -0.00425641
126 -5.71334 -7.19483 -0.00196349
127 2.73302 -10.1625 0.00471622
128 -29.3315 15.1439 -0.0305289
129 7.79285 -8.68567 0.00638578
130 10.7721 4.53872 0.00298175
131 17.4357 -11.7156 0.0117036
132 22.079 -3.96599 0.0132734
133 -11.2033 -9.98629 -0.00413749
134 -0.811783 -4.39474 0.000566043
135 1.63264 2.06333 -0.000858231
136 24.2412 -9.00046 0.0153758
137 25.1806 1.27225 0.012414
138 20.5287 -23.7196 0.0166924
139 23.4832 -12.1027 0.0177434
140 -3.47117 -5.43942 -0.000260733
141 8.77426 1.35291 0.00497938
142 -2.94766 10.7139 -0.0034184
143 11.9797 3.39608 0.00567293
144 12.2421 1.33137 0.00705396
145 -9.11533 -9.437 -0.00296129
146 1.56536 5.03037 -0.000808093
147 16.0178 -3.28395 0.00908375
148 35.8423 -17.8888 0.0339415
149 3.27119 -5.7805 0.0023591
150 -9.56001 -6.38675 -0.00577911
151 -11.0816 8.23822 -0.00902588
152 -11.8007 0.0361311 -0.00558646
153 -3.22988 13.6307 -0.00577742
154 18.323 -0.788897 0.00859269
155 20.694 -9.32844 0.0140184
156 -9.10903 -5.76356 -0.00669682
157 -3.06748 -14.247 0.00011347
158 -10.5431 -0.0783016 -0.00685206
159 -2.8622 -11.3737 -0.000884504
160 8.4918 -4.38004 0.0051521
161 -9.79234 -9.52692 -0.00645163
162 -6.49353 -2.77231 -0.00439745
163 -20.7014 0.570031 -0.0134121
164 5.40361 -8.42664 0.00513306
165 13.6709 -0.106839 0.00753985
166 1.98365 -6.95154 0.00390574
167 3.37506 1.85049 0.00206421
168 -19.1732 -1.98271 -0.0125822
169 -7.15046 -0.507098 -0.00224812
170 -7.90151 -1.32957 -0.00388454
171 -3.38845 -4.70182 -0.000893145
172 -13.7977 7.33612 -0.0115062
173 -8.09371 -1.12399 -0.00514304
174 19.868 3.20065 0.012623
175 -4.38342 -3.81946 0.000725405
176 -15.5864 9.96421 -0.0108997
177 -28.1188 8.59383 -0.022987
178 -26.2439 -0.814579 -0.0168547
179 -20.4806 6.4219 -0.0160909
180 -0.854334 -5.29309 0.00218487
181 1.26354 0.0816241 0.00117029
182 -19.2965 -5.46215 -0.0126619
183 -2.14783 1.27573 -0.00103179
184 -7.54143 -1.45203 -0.00454323
185 10.0275 -3.18682 0.00836532
186 3.92422 2.21641 0.00219375
187 -13.3796 0.37407 -0.00949095
188 -13.2859 9.39792 -0.0129044
189 -14.5586 -2.71309 -0.00986781
190 1.37503 1.75655 0.00119573
191 -5.27701 -4.47599 -0.00210578
192 9.68206 -3.56973 0.008113
193 9.92526 2.71255 0.00590552
194 6.21076 -3.62641 0.00623505
195 -13.5268 9.91202 -0.0121431
196 -25.2272 4.35726 -0.0238535
197 -9.88743 8.01672 -0.0084793
198 -6.86225 1.96263 -0.00521682
199 7.73 5.41287 0.00495997
200 -5.48805 9.85 -0.00654372
201 0.400742 4.94714 -0.000480631
202 0.408759 19.938 -0.006954
203 -11.93 6.92639 -0.00670098
204 -4.59951 8.99303 0.0325519
205 -4.84264 14.0585 -0.0104042
206 13.2919 12.1959 0.00786752
207 -10.3051 5.72 -0.00454826
208 -20.138 -1.57224 -0.00980877
209 -42.0049 30.2251 -0.0595216
210 -13.834 7.80118 -0.0100334
211 18.859 15.8843 0.0170451
212 -0.0719121 -0.158224 0.000231532
213 7.62897 -4.91811 0.00563503
214 -8.37587 -5.24808 -0.00354594
215 14.1787 -6.41207 0.00844058
216 19.6601 -2.6299 0.0110336
217 5.90884 -11.6975 0.00818304
218 -13.4379 7.79013 -0.0104139
219 -29.3653 -0.12933 -0.0149816
220 -9.25601 11.0319 -0.00985662
221 -6.40359 2.60072 -0.00349566
222 0.858016 2.53024 0.000607329
223 -6.18511 6.3407 -0.00791628
224 1.60252 -6.61723 0.00396785
225 -15.2974 6.87453 -0.0111648
226 -4.32558 -4.82486 -4.42828e-05
227 17.8026 4.16604 0.00667535
228 15.8564 -9.21084 0.0124737
229 12.9084 -9.13916 0.0107366
230 3.4305 1.22689 0.000463426
231 13.7784 -5.75849 0.00930051
232 -0.467311 7.56694 -0.00222099
233 1.52062 -4.43188 0.00250485
234 18.1436 0.893653 0.0100691
235 11.2177 -8.70886 0.00968868
236 34.7322 -7.07146 0.0267196
237 4.47618 -2.0433 0.00329491
238 12.5671 -10.3606 0.00969755
239 -3.46557 -3.15129 0.000231743
240 -8.19393 -10.266 -0.00634376
241 9.26639 -1.81472 0.00325905
242 14.8078 -5.86893 0.00987363
243 50.2038 -5.56305 0.0360598
244 16.6463 -6.65944 0.0129543
245 8.45173 -4.36518 0.0070402
246 -3.64979 4.82787 -0.00412254
247 16.0042 -5.58355 0.00956173
248 6.80129 8.07015 0.000586724
249 3.80349 -2.81488 0.003347
250 9.91949 0.367705 0.00557022
251 -1.31815 -2.95193 -0.00118175
252 20.9271 -11.1531 0.0171473
253 -12.3338 7.82229 -0.0081781
254 -9.70518 -1.10203 -0.00902594
255 -10.2621 15.224 -0.0110053
256 -2.13996 2.14313 -0.000866518
257 11.4628 5.65456 0.00518762
258 -6.86936 4.38369 -0.00370199
259 5.01127 -3.02809 0.00511572
260 3.07371 6.70926 -0.000451692
261 15.3464 -6.04043 0.00849058
262 16.7869 -0.153055 0.00911708
263 -3.66467 0.415444 -0.00245511
264 -4.00051 8.11362 -0.00423893
265 -10.094 2.71449 -0.0054426
266 -5.3508 9.22354 -0.00471516
267 -7.20733 10.4006 -0.00239988
268 10.8861 1.94084 0.00565938
269 1.97334 7.93022 -0.000153754
270 -0.334631 -6.25419 0.00127978
271 -0.205697 3.56958 -0.00248292
272 -13.702 -0.127997 -0.00895836
273 7.9716 1.26315 0.0042524
274 -3.54703 2.92827 -0.00328053
275 -0.889562 -0.324924 -0.00089915
276 -2.82066 3.99853 -0.00330684
277 4.95427 -3.15452 0.00318875
278 11.4139 -0.0521894 0.00559145
279 -4.15761 -2.33797 -0.000372231
280 -14.0994 9.99727 -0.0122774
281 -8.86271 4.75372 -0.00706922
282 9.241 5.28245 0.00418653
283 11.2171 3.33448 0.00472064
284 10.9032 -7.1094 0.0100861
285 -20.9283 9.58771 -0.0170543
286 -5.85774 -0.919856 -0.00373582
287 10.6258 7.10739 0.00364687
288 5.38255 -0.640142 0.00276787
289 8.86868 -0.69773 0.00600996
290 -16.8191 7.7675 -0.013852
291 -3.83723 -1.00122 -0.00120636
292 0.604724 8.33942 -0.00207623
293 4.64012 2.3436 0.0017101
294 13.4255 4.35684 0.00557522
295 -1.46734 -0.732177 -0.000922274
296 1.46272 5.52787 -0.000462914
297 -7.28291 3.84808 -0.00410189
298 -0.824367 6.04865 -0.0027914
299 2.0909 7.683 -0.00203467
300 14.9543 -2.84354 0.00970225
301 5.52705 2.09757 0.00249935
302 -7.45132 5.02801 -0.00649056
303 -11.8996 9.91489 -0.00957541
304 -0.594479 7.67432 -0.00324221
305 14.1183 4.13485 0.00577404
306 6.90174 4.51477 0.000488628
307 6.24012 2.05948 0.00331948
308 -0.71209 9.22851 -0.00504009
309 1.23629 4.71305 -0.000594385
310 6.7181 14.4426 -0.0023848
311 14.2023 -1.45781 0.0147429
312 14.3878 10.3451 0.00454712
313 11.0384 9.12231 0.00261425
314 12.4147 9.17551 0.00286834
315 9.86871 12.6011 -0.00141346
316 17.8067 7.40862 0.00516738
317 11.2558 13.2203 -0.000923725
318 8.4577 8.23698 0.000369762
319 12.6922 13.2573 0.000695433
320 7.31442 12.0532 -0.00340915
321 13.699 10.4559 0.00440633
322 4.98461 12.2889 -0.00305387
323 8.76716 10.9695 -0.000707856
324 11.9815 12.572 0.00145374
325 8.41986 7.28601 5.78884e-05
326 9.48047 12.2095 -0.000550737
327 11.1865 5.32775 0.00160725
328 10.9985 9.50724 0.0028432
329 5.7056 9.18385 -0.00190011
330 7.9726 12.4953 -0.000608564
331 8.59832 9.39492 -0.00117963
332 9.14789 9.26549 0.000685121
333 7.42379 8.43164 -0.00106759
334 7.56205 10.7351 -0.00230117
335 7.9585 8.03552 -0.00148606
336 9.06385 8.20852 -0.000260193
337 8.79094 7.06225 0.000241422
338 6.52509 9.33023 -0.00197363
339 8.09701 6.73276 0.000862938
340 4.91976 8.10229 -0.00276739
341 6.65825 6.97627 0.000896443
342 5.03507 8.73019 -0.0034312
343 7.63048 8.37936 -0.000838658
344 9.1539 6.536 0.000185588
345 6.98707 8.92062 -0.00331193
346 10.9416 4.29232 0.0039853
347 5.72527 6.46977 -0.00250087
348 6.38453 7.94556 -0.00121476
349 6.88137 6.18101 -0.0016353
350 6.87068 7.3106 -0.00137623
351 7.19996 6.52399 -0.000674263
352 5.44718 5.4074 -0.00148461
353 6.78928 8.44691 -0.000561229
354 5.10087 7.51389 -0.00237098
355 5.71514 5.21667 -0.00126088
356 5.11046 7.87066 -0.00211452
357 4.78545 4.31248 0.000297591
358 3.01881 7.48594 -0.00434785
359 4.07449 7.24257 -0.00253893
360 7.52411 4.68523 0.000592594
361 2.60974 6.2783 -0.00386523
362 6.1571 5.94606 0.000481998
363 3.03038 6.12429 -0.00368392
364 3.31823 4.34997 -0.00188357
365 5.91891 6.07889 7.00605e-05
366 3.63624 4.71641 -0.00163633
367 3.5363 4.8679 -0.00165796
368 2.71945 5.45671 -0.00188302
369 3.30299 5.17286 -0.00159687
370 5.15572 4.03306 -0.0012202
371 5.27553 3.37815 0.00177975
372 3.72377 5.80886 -0.00102776
373 4.12505 4.89332 -0.000342964
374 3.38732 3.75767 -0.00103795
375 5.33933 6.64627 -0.00146609
376 8.89634 3.35775 0.00335453
377 6.12795 4.58758 -0.000369742
378 4.8652 2.03144 0.00233927
379 3.41656 5.7049 -0.00091605
380 4.20176 4.36975 -7.33705e-05
381 4.37537 3.14248 0.000751722
382 3.00097 4.19939 -0.00197551
383 4.63972 3.11023 0.00222068
384 -0.262923 0.184475 -0.000240049
385 0.292478 -0.698241 0.00190676
386 -1.03985 -0.354673 0.000315599
387 -0.0450425 0.209002 0.000958525
388 0.0928904 -0.593758 0.000761908
389 0.953212 0.633537 0.000234133
390 -0.684869 -0.827012 0.00104261
391 -0.868415 0.533009 -0.000361642
392 0.433449 -0.803378 0.00158798
393 -1.14508 0.38626 -0.000625658
394 1.07828 -0.104248 0.00130944
395 -0.809713 -0.00940119 -1.82325e-05
396 0.661766 0.240275 0.000782694
397 -0.554417 -0.461153 0.000751352
398 -0.483621 1.02241 -0.00147727
399 1.13934 0.0324647 0.00135397
400 -0.289718 0.16441 -0.000530247
401 1.04075 -0.580523 0.0015761
402 -1.24976 -0.523996 0.00016606
403 0.947505 0.833953 0.000346137
404 0.315911 0.249485 0.00023978
405 0.420217 1.31114 -0.000892358
406 -0.551662 0.835925 -0.000711153
407 -1.74411 0.0504692 -0.000259076
408 -1.78844 1.63285 -0.000416446
409 -5.04094 1.79063 -0.00189159
410 -3.28946 0.602162 0.000566808
411 -5.00204 2.26764 -0.00209716
412 -6.73254 3.0271 -0.00356268
413 -6.2123 2.55798 -0.00129562
414 -6.65673 3.12335 -0.00351848
415 -6.65673 3.12335 -0.00351848
416 -0.0328784 0.0367482 -5.03386e-05
417 -0.373836 0.466544 -0.000449742
418 -0.264856 -0.154209 -0.000144234
419 0.036913 0.159201 -5.53945e-05
420 -0.00180703 0.0910813 -5.07254e-05
421 -0.0364097 0.112417 -9.20568e-05
422 0.0945899 -0.0265596 9.48642e-05
423 -0.117904 -0.12204 -3.44864e-05
424 -0.100502 -0.415833 0.00013626
425 -0.102375 -0.0811945 -4.18599e-05
426 -0.0634423 0.0248531 -6.77827e-05
427 -0.631691 0.00524883 -0.000526338
428 0.434418 4.32226 -0.00189413
429 -0.126085 -0.065353 -7.15819e-05
430 0.0901608 0.200008 -6.30885e-05
431 -0.292973 0.633187 -0.000581541
432 0.105086 -0.0215034 9.70937e-05
433 -0.23129 -0.116193 -0.000133212
434 -0.114228 -0.018832 -8.60798e-05
435 0.0613522 0.408181 -0.000161861
436 -0.061465 0.0290554 -6.77853e-05
437 -0.563123 -0.0271169 -0.000450079
438 0.396149 3.56776 -0.00150571
439 -0.00729822 0.0728761 -4.40132e-05
440 0.0378522 0.0835885 -9.24126e-06
441 0.158186 0.30136 -2.49405e-05
442 0.120991 -0.253351 0.000231658
443 -0.300973 -0.0149118 -0.000239985
444 -0.0576731 -0.53593 0.000234969
